0.785371
0.832022
0.886125
0.953227
1.000000
0.956455
0.893363
0.833581
0.750971
0.666974
0.583507
0.492714
0.405940
0.316231
0.231195
0.142556
0.036627
-0.051341
-0.158454
-0.247840
-0.345035
-0.440913
-0.524508
-0.614460
-0.660975
-0.738411
-0.825558
-0.898763
-0.963813
-1.000000
-0.933263
-0.879902
-0.811802
-0.767887
-0.672606
-0.590018
-0.501207
-0.451580
-0.358472
-0.254310
-0.170489
-0.121188
-0.068940
-0.012295
0.080301
0.173903
0.255282
0.305132
0.381169
0.431521
0.514547
0.603836
0.689852
0.766668
0.843641
0.909248
0.978652
1.000000
0.927913
0.856191
0.777872
0.690187
0.604513
0.521193
0.451011
0.355476
0.261369
0.174583
0.085021
-0.305157
-0.402085
-0.477120
-0.523722
-0.572356
-0.649833
-0.692692
-0.736272
-0.814823
-0.885249
-0.950428
-0.988877
-1.000000
-0.928765
-0.869364
-0.778396
-0.703730
-0.623057
-0.533833
-0.454730
-0.404122
-0.298470
-0.248396
-0.162267
-0.064527
0.028389
0.080928
0.176754
0.274460
0.362217
0.428711
0.515577
0.598934
0.681051
0.724193
0.812560
0.886952
0.960686
1.000000
0.958900
0.891743
0.810213
0.725947
0.640163
0.553405
0.450494
0.365844
0.284930
0.191045
0.085338
0.001150
-0.086836
-0.173942
-0.225521
-0.317486
-0.419973
-0.503447
-0.551666
-0.629119
-0.690440
-0.774691
-0.850940
-0.892239
-0.950192
-1.000000
-0.931617
-0.871773
-0.796788
-0.706049
-0.661431
-0.615070
-0.541327
-0.448626
-0.352984
-0.260412
-0.163164
-0.073120
0.026280
0.121130
0.191518
0.284884
0.336181
0.425925
0.510746
0.597619
0.682914
0.759652
0.814861
0.857394
0.931503
0.980346
1.000000
0.919123
0.854251
0.806872
0.725047
0.629853
0.539510
0.446461
0.351214
0.270626
0.219446
0.114712
0.062830
-0.031278
-0.128092
-0.211579
-0.263038
-0.312704
-0.397710
-0.451683
-0.539199
-0.631646
-0.713618
-0.798143
-0.866780
-0.940693
-1.000000
-0.917902
-0.842393
-0.770925
-0.687352
-0.605338
-0.519160
-0.433599
-0.343896
-0.236770
-0.153645
-0.054933
0.042427
0.127400
0.223083
0.317501
0.364882
0.413937
0.506498
0.602157
0.688975
0.762070
0.835504
0.900768
0.969364
1.000000
0.929066
0.853569
0.777596
0.706002
0.624239
0.533432
0.444150
