-0.907543
-0.010357
-nan
-0.030074
-nan
-0.016777
-nan
-0.015860
-nan
-0.010246
-nan
-0.017631
-0.018585
-0.015194
-0.007080
-0.011326
-0.011402
-0.013022
-nan
-0.013599
-0.014441
-0.010736
-0.011565
-0.011929
-nan
-0.012871
-0.013160
-0.017719
-nan
-0.017995
0.018007
-0.014705
-nan
-0.017379
-0.017957
-0.019602
-0.019452
-0.013675
-nan
-0.012105
-nan
-0.011414
-nan
-0.013537
-nan
-0.013788
-nan
-0.016551
-nan
-0.014968
-0.086088
-0.016601
0.016576
-0.015069
-nan
-0.017379
-0.017354
-0.012934
-nan
-0.012431
-nan
-0.011226
-nan
-0.015772
-nan
-0.014365
-nan
-0.011125
-nan
-0.015370
-nan
-0.012657
-nan
-0.014403
0.014328
-0.017781
-nan
-0.013411
-nan
-0.011527
0.458785
-0.011741
-nan
-0.013248
-0.012042
-0.010924
-0.012105
-0.012268
-nan
-0.011276
-nan
-0.012080
0.011276
-0.010221
0.011904
-0.011552
0.011075
-0.019389
0.019828
-0.014868
0.014868
-0.012620
-nan
-0.018284
-nan
-0.017706
0.017669
-0.015835
0.016865
-0.018786
-nan
-0.011665
-0.013612
-0.014240
0.052456
-0.018384
-0.022313
-0.019439
-0.018836
-0.014416
-0.015006
-0.018058
-nan
-0.023005
-0.023583
-0.021147
-0.020682
-0.013574
-nan
-0.018485
0.019050
-0.020230
0.020255
-0.019841
-nan
-0.019640
0.019910
-0.013059
0.012444
-0.018912
-nan
-0.012482
-nan
-0.014190
-nan
-0.012959
0.012444
-0.015219
-nan
-0.012997
-0.012532
-0.020268
-0.020305
-0.011665
-0.012092
-0.022917
-nan
-0.012557
-0.029333
-0.012808
0.013022
-0.020908
-nan
-0.010962
-0.011000
-0.011314
-nan
-0.010899
-nan
-0.011891
-nan
-0.010987
-0.011854
-0.014805
-0.013989
-0.011238
-nan
-0.011577
-nan
-0.010585
-nan
-0.011452
-nan
-0.011954
-0.011816
-0.011753
-0.011351
-0.012519
-nan
-0.012570
-nan
-0.011904
-0.013624
-0.016739
-0.017568
-0.012808
-0.011276
-0.011125
-nan
-0.011577
-nan
-0.015684
-nan
-0.012582
-0.012570
-0.012871
-0.010874
-0.010372
-nan
-0.011866
-0.011314
-0.011263
-nan
-0.011879
-0.011427
-0.013260
-nan
-0.011314
-nan
-0.014240
-0.026506
-0.054217
-0.073870
-0.093707
-0.105891
-0.119317
-0.139600
-0.161298
-0.193895
-0.210287
-0.234772
-0.253194
-0.272136
-0.320937
-0.349621
-0.363819
-0.398407
-0.415046
-0.444638
-0.456381
-0.475812
-0.491720
-0.522311
-0.537562
-0.567507
-0.580834
-0.611848
-0.630654
-0.661360
-0.673627
-0.693904
-0.707507
-0.720292
-0.732708
-0.764199
-0.778832
-0.809012
-0.822092
-0.847615
-0.859750
-0.890079
-0.901678
-0.926284
-0.939360
-0.961371
-0.987097
-1.000000
-0.973038
-0.951588
-0.926901
-0.906349
-0.891393
-0.862665
-0.851516
-0.823169
-0.807935
-0.789641
-0.778539
-0.752175
-0.736350
-0.707346
-0.694173
-0.667086
-0.655726
-0.625414
-0.613113
-0.581885
-0.565726
-0.531625
-0.517202
-0.493000
-0.474010
-0.435471
-0.419725
-0.387315
-0.367244
-0.345163
-0.326688
-0.282366
-0.266728
-0.233753
-0.220394
-0.195155
-0.178561
-0.140378
-0.126708
-0.102921
-0.081782
-0.053845
-0.038341
0.001275
0.028800
0.066816
0.098841
0.135911
0.158362
0.187220
0.213515
0.242680
0.263101
0.301353
0.319289
0.346176
0.375913
0.411173
0.444558
0.481791
0.517593
0.541067
0.570817
0.595852
0.623270
0.637818
0.668891
0.695474
0.714753
0.727524
0.755153
0.770423
0.797503
0.810112
0.837753
0.850814
0.877444
0.889540
0.913675
0.925957
0.948507
0.963092
0.984493
0.994129
1.000000
0.985874
0.959406
0.944603
0.921260
0.908946
0.890696
0.879069
0.862539
0.852207
0.827583
0.812473
0.793534
0.776213
0.752393
0.739214
0.719199
0.689138
0.655237
0.638834
0.603728
0.587415
0.554976
0.536150
0.501839
0.482561
0.443947
0.410316
0.372805
0.350185
0.315979
0.284161
0.245120
0.216736
0.181196
0.146880
0.108709
0.071087
0.031091
-0.006842
-0.043426
-0.077150
-0.092313
-0.126877
-0.144878
-0.167201
-0.180914
-0.200966
-0.215735
-0.251382
-0.273512
-0.304396
-0.325954
-0.359734
-0.375474
-0.410844
-0.425360
-0.438421
-0.455103
-0.478421
-0.499032
-0.529590
-0.585581
-0.603899
-0.617782
-0.650490
-0.662009
-0.691976
-0.704195
-0.731676
-0.741896
-0.769326
-0.784114
-0.799692
-0.814648
-0.842616
-0.855505
-0.875097
-0.890627
-0.915925
-0.930974
-0.947301
-0.959944
-0.972507
-0.987519
-1.000000
-0.976911
-0.950771
-0.928464
-0.902239
-0.892469
-0.858581
-0.832791
-0.821527
-0.800301
-0.778727
-0.756078
-0.720656
-0.693313
-0.661487
-0.633744
-0.605184
-0.573243
-0.539939
-0.510375
-0.475695
-0.454574
-0.431467
-0.408599
-0.384572
-0.349067
-0.314067
-0.280372
-0.245764
-0.219796
-0.177101
-0.142235
-0.105109
-0.078725
-0.041134
-0.005438
0.029334
0.063062
0.092114
0.129375
0.166569
0.203981
0.244191
0.279258
0.314355
0.349165
0.383103
0.416828
0.448004
0.482456
0.508694
0.542321
0.577971
0.612856
0.648120
0.682441
0.714351
0.747612
0.780898
0.812939
0.844282
0.872285
0.901543
0.929583
0.948189
0.973706
1.000000
0.972514
0.947027
0.920223
0.903275
0.874829
0.856593
0.828389
0.797472
0.765400
0.734121
0.705936
0.682084
0.661650
0.636155
0.611662
0.579144
0.555944
0.534539
0.509101
0.482360
0.445369
0.411446
0.377250
0.343561
0.315697
0.288512
0.252537
0.215432
0.192439
0.153280
0.116867
0.077976
0.041289
0.015280
-0.012048
-0.048076
-0.084323
-0.119442
-0.143830
-0.176257
-0.202881
-0.226658
-0.261025
-0.292250
-0.326505
-0.360886
-0.395028
-0.424309
-0.453668
-0.485086
-0.513603
-0.538594
-0.570064
-0.603111
-0.637462
-0.669020
-0.691792
-0.721827
-0.750629
-0.773569
-0.786458
-0.804798
-0.830215
-0.860247
-0.891100
-0.913060
-0.932537
-0.957326
-0.982524
-1.000000
-0.975257
-0.949593
-0.924370
-0.895931
-0.866707
-0.836595
-0.807931
-0.782224
-0.754716
-0.719941
-0.690058
-0.658503
-0.626993
-0.601762
-0.566164
-0.532232
-0.498013
-0.460197
-0.423165
-0.386179
-0.356609
-0.327984
-0.293298
-0.257717
-0.218652
-0.181269
-0.151423
-0.124688
-0.102066
-0.060590
-0.022235
0.014515
0.056097
0.085596
0.122685
0.158008
0.192563
0.232163
0.257258
0.280842
0.314675
0.349749
0.384091
0.417333
0.444801
0.480535
0.514382
0.538387
0.575094
0.612944
0.645606
0.687274
0.718472
0.751203
0.782965
0.812960
0.841910
0.870793
0.900065
0.928434
0.946388
0.972640
0.996440
1.000000
0.975238
0.950106
0.922476
0.894442
0.864853
0.837223
0.807426
0.781924
0.751519
0.722159
0.692350
0.664535
0.646429
0.618201
0.590078
0.559732
0.535285
0.505823
0.485037
0.453811
0.427473
0.394789
0.365341
0.339457
0.307879
0.272879
0.249688
0.230246
0.197450
0.173269
0.138030
0.102553
0.069572
0.040056
0.003819
-0.032245
-0.070194
-0.106691
-0.143603
-0.176639
-0.211326
-0.239264
-0.276036
-0.312735
-0.350844
-0.384578
-0.414121
-0.444655
-0.483360
-0.517456
-0.554705
-0.591002
-0.612970
-0.646073
-0.670620
-0.703168
-0.736659
-0.769327
-0.799869
-0.830905
-0.855051
-0.877215
-0.895555
-0.921661
-0.948905
-0.974894
-1.000000
-0.983523
-0.961017
-0.933704
-0.913652
-0.886470
-0.860844
-0.847271
-0.821324
-0.799308
-0.772526
-0.752300
-0.724364
-0.692654
-0.665156
-0.633536
-0.601493
-0.579498
-0.544925
-0.521872
-0.490109
-0.454547
-0.421349
-0.390263
-0.355176
-0.320138
-0.287141
-0.254475
-0.219521
-0.178902
-0.150779
-0.137068
-0.103509
-0.088745
-0.055147
-0.038577
-0.004878
0.015768
0.037499
0.054466
0.092117
0.116612
0.151142
0.184615
0.222571
0.257326
0.298921
0.322570
0.351947
0.372724
0.397888
0.411441
0.446219
0.460396
0.489629
0.503781
0.528014
0.541055
0.559280
0.574553
0.604180
0.627221
0.658915
0.677260
0.708381
0.720956
0.751825
0.768691
0.800465
0.816390
0.848804
0.859108
0.885169
0.896147
0.922167
0.933271
0.957547
0.966967
0.991430
1.000000
0.974111
0.958441
0.941690
0.928667
0.911821
0.892138
0.872611
0.855086
0.824851
0.803699
0.772166
0.744912
0.713686
0.695722
0.663131
0.632964
0.599429
0.567308
0.531694
0.507818
0.476206
0.444202
0.408391
0.379426
0.348080
0.310484
0.278159
0.259604
0.227983
0.213147
0.177909
0.163314
0.124891
0.111045
0.079294
0.062645
0.027646
0.006171
-0.024320
-0.040840
-0.076296
-0.090783
-0.126437
-0.141319
-0.176648
-0.256858
-0.294988
-0.312478
-0.345884
-0.366746
-0.401862
-0.419145
-0.455366
-0.476003
-0.498719
-0.515699
-0.550407
-0.570312
-0.600850
-0.620823
-0.652699
-0.665288
-0.699088
-0.721928
-0.749543
-0.767778
-0.801021
-0.816057
-0.829261
-0.848708
-0.872021
-0.888590
-0.908189
-0.934467
-0.953799
-0.972812
-0.997902
-1.000000
-0.983092
-0.960370
-0.933978
-0.917793
-0.890039
-0.861609
-0.831345
-0.803461
-0.778572
-0.747333
-0.719492
-0.689768
-0.660180
-0.635497
-0.613306
-0.588133
-0.567647
-0.537383
-0.505395
-0.473667
-0.441149
-0.404853
-0.371844
-0.339166
-0.302344
-0.267291
-0.228617
-0.191095
-0.167325
-0.129589
-0.091372
-0.053680
-0.015937
0.020107
0.045364
0.078484
0.114014
0.149025
0.176079
0.213898
0.247338
0.284421
0.318052
0.352149
0.388525
0.419876
0.443394
0.466242
0.498307
0.530418
0.565097
0.600586
0.635823
0.662487
0.694660
0.726225
0.753936
0.783205
0.808551
0.840140
0.859281
0.888503
0.920337
0.942801
0.963484
0.989631
1.000000
0.971419
0.944532
0.916403
0.883487
0.853712
0.823835
0.789557
0.769324
0.748525
0.716618
0.684449
0.652447
0.618747
0.584552
0.559441
0.532201
0.495082
0.458966
0.422140
0.382794
0.343365
0.307172
0.267766
0.236698
0.199081
0.175915
0.132193
0.102342
0.064649
0.027716
0.002196
-0.023121
-0.060730
-0.095368
-0.128839
-0.164754
-0.201491
-0.231587
-0.269589
-0.305180
-0.341018
-0.374109
-0.412876
-0.443999
-0.479085
-0.500335
-0.533624
-0.566912
-0.588846
-0.611304
-0.646171
-0.680109
-0.712664
-0.743559
-0.773822
-0.801663
-0.821817
-0.843817
-0.874674
-0.903285
-0.932301
-0.960251
-0.984253
-1.000000
-0.973953
-0.945596
-0.920280
-0.892559
-0.864371
-0.836041
-0.804887
-0.771866
-0.734901
-0.700578
-0.668236
-0.632616
-0.609372
-0.586240
-0.552526
-0.513923
-0.482746
-0.448909
-0.408601
-0.371260
-0.335313
-0.302604
-0.270539
-0.233561
-0.196593
-0.158951
-0.119727
-0.078553
-0.040083
-0.004273
0.031101
0.068726
0.106538
0.144548
0.175406
0.210926
0.239298
0.265266
0.302480
0.327357
0.360899
0.396382
0.432579
0.472616
0.509060
0.541810
0.572872
0.603955
0.629807
0.665010
0.681746
0.711935
0.743462
0.775524
0.806504
0.835890
0.864630
0.890148
0.916318
0.943053
0.961598
0.978899
1.000000
0.969524
0.942007
0.912439
0.886341
0.857124
0.826315
0.800411
0.778774
0.757350
0.723225
0.688191
0.662875
0.634444
0.600593
0.565738
0.530001
0.496152
0.468254
0.441792
0.416588
0.391801
0.353921
0.318136
0.279956
0.242238
0.205154
0.170904
0.147534
0.114447
0.087847
0.055794
0.030907
-0.005455
-0.045704
-0.081417
-0.105288
-0.128039
-0.159451
-0.194745
-0.230633
-0.266173
-0.304467
-0.340951
-0.378636
-0.405432
-0.441965
-0.473881
-0.508443
-0.540465
-0.573801
-0.609188
-0.641569
-0.676390
-0.697053
-0.728761
-0.757042
-0.785828
-0.817795
-0.847148
-0.868496
-0.890208
-0.920252
-0.948193
-0.976140
-1.000000
-0.983046
-0.958080
-0.928899
-0.902801
-0.876999
-0.848118
-0.815407
-0.785954
-0.760661
-0.733354
-0.699395
-0.664416
-0.628194
-0.595062
-0.559768
-0.518565
-0.482783
-0.450267
-0.417688
-0.401976
-0.367604
-0.353243
-0.320064
-0.306690
-0.284694
-0.269222
-0.235262
-0.219469
-0.190247
-0.172185
-0.136305
-0.118434
-0.082962
-0.067195
-0.033430
-0.018613
0.008315
0.023432
0.068650
0.083756
0.112714
0.129696
0.162809
0.180758
0.220782
0.238174
0.273051
0.294241
0.329031
0.343904
0.358808
0.372062
0.394783
0.412956
0.446078
0.466211
0.499977
0.519890
0.554140
0.585149
0.617141
0.636141
0.657324
0.682165
0.715147
0.741318
0.769068
0.792831
0.823661
0.848308
0.868126
0.889949
0.911787
0.927645
0.937675
0.959619
0.982815
1.000000
0.973561
0.946590
0.921509
0.894925
0.864686
0.834762
0.803458
0.771546
0.744521
0.714324
0.684642
0.654211
0.621985
0.592091
0.557989
0.524442
0.489825
0.453432
0.413761
0.380665
0.347525
0.313588
0.279470
0.247305
0.212835
0.179121
0.140438
0.106910
0.069651
0.029251
-0.012010
-0.053106
-0.077020
-0.098294
-0.125540
-0.163867
-0.202416
-0.227134
-0.265773
-0.302301
-0.334992
-0.364927
-0.394633
-0.428661
-0.461641
-0.496033
-0.529262
-0.566060
-0.602130
-0.630227
-0.662122
-0.694872
-0.726158
-0.756923
-0.785383
-0.809276
-0.839673
-0.871605
-0.900356
-0.930226
-0.951254
-0.977940
-1.000000
-0.970866
-0.941627
-0.912540
-0.890988
-0.873227
-0.854930
-0.833802
-0.813056
-0.786874
-0.759553
-0.731315
-0.702849
-0.679955
-0.652005
-0.630579
-0.607992
-0.588579
-0.559582
-0.529865
-0.498827
-0.484836
-0.454256
-0.422843
-0.396259
-0.355250
-0.317416
-0.271781
-0.233963
-0.196622
-0.169402
-0.141034
-0.101545
-0.062971
-0.026351
0.015411
0.050909
0.070702
0.106835
0.122236
0.157075
0.171360
0.209174
0.223534
0.258148
0.272012
0.303844
0.324124
0.358001
0.371668
0.405731
0.417297
0.450408
0.464534
0.484263
0.503649
0.538939
0.553914
0.587152
0.599877
0.622118
0.636026
0.666925
0.682860
0.711878
0.724882
0.757452
0.773579
0.806973
0.821083
0.848293
0.865436
0.885489
0.899847
0.920487
0.930060
0.959046
0.975511
1.000000
0.984293
0.952429
0.920748
0.896536
0.868640
0.839875
0.818211
0.785503
0.753395
0.721333
0.686448
0.653389
0.618809
0.585922
0.550345
0.522004
0.493510
0.478157
0.444137
0.428339
0.391576
0.378763
0.345526
0.330373
0.304469
0.284984
0.250607
0.230559
0.197477
0.183070
0.146115
0.127140
0.087738
0.072701
0.039329
0.018156
-0.017676
-0.039859
-0.076594
-0.092534
-0.128121
-0.145847
-0.183211
-0.196952
-0.230362
-0.242980
-0.276410
-0.290016
-0.325050
-0.339046
-0.362645
-0.378025
-0.406284
-0.424874
-0.452032
-0.473546
-0.508251
-0.527964
-0.562921
-0.586305
-0.613631
-0.628537
-0.645477
-0.678154
-0.704894
-0.730339
-0.764498
-0.796695
-0.817700
-0.836023
-0.852853
-0.879098
-0.907613
-0.934107
-0.961807
-0.984797
-1.000000
-0.990545
-0.966443
-0.954930
-0.933191
-0.917035
-0.888367
-0.870763
-0.839196
-0.821553
-0.799142
-0.787607
-0.758436
-0.746651
-0.720006
-0.707469
-0.688757
-0.676162
-0.644853
-0.627771
-0.593075
-0.576066
-0.541350
-0.529917
-0.497859
-0.477384
-0.443429
-0.426907
-0.389269
-0.375698
-0.338035
-0.318114
-0.298854
-0.284228
-0.246902
-0.230460
-0.194369
-0.174441
-0.146634
-0.131141
-0.095966
-0.081498
-0.058585
-0.024841
0.005943
0.028746
0.055075
0.091362
0.127177
0.162624
0.185769
0.225622
0.259182
0.296090
0.332968
0.366968
0.406775
0.436794
0.469552
0.483077
0.506494
0.520506
0.553789
0.567488
0.599948
0.616865
0.648319
0.664702
0.698189
0.711904
0.732987
0.746490
0.776592
0.794534
0.815799
0.828147
0.854671
0.868555
0.892346
0.903380
0.914368
0.925599
0.949416
0.964469
0.987313
0.997170
1.000000
0.991458
0.970812
0.959744
0.943325
0.931371
0.900503
0.884194
0.853872
0.837622
0.819310
0.807257
0.773733
0.741251
0.719891
0.703934
0.668665
0.650477
0.623730
0.601199
0.581659
0.562207
0.525027
0.503303
0.478163
0.461759
0.430317
0.412442
0.393286
0.375305
0.338942
0.304476
0.270041
0.235325
0.196654
0.161928
0.123314
0.087786
0.056148
0.024263
-0.002225
-0.027641
-0.054761
-0.089571
-0.126489
-0.166591
-0.197198
-0.234445
-0.272861
-0.298628
-0.323411
-0.350969
-0.384786
-0.418106
-0.451729
-0.474468
-0.496914
-0.528035
-0.558703
-0.584730
-0.616358
-0.650659
-0.683761
-0.709885
-0.740570
-0.773014
-0.801936
-0.832294
-0.863571
-0.894539
-0.922065
-0.949609
-0.977980
-1.000000
-0.972440
-0.943528
-0.915122
-0.886923
-0.860169
-0.833084
-0.809231
-0.790213
-0.757140
-0.721285
-0.690909
-0.653677
-0.621799
-0.599574
-0.578707
-0.556330
-0.522578
-0.485990
-0.445326
-0.417982
-0.390447
-0.348154
-0.308536
-0.281272
-0.256174
-0.219047
-0.190061
-0.153964
-0.119798
-0.081338
-0.039615
0.000128
0.043619
0.083142
0.124969
0.167476
0.206853
0.249263
0.292070
0.332917
0.372996
0.408243
0.443273
0.478190
0.513230
0.536402
0.571488
0.608036
0.642121
0.675314
0.708070
0.739753
0.762201
0.787795
0.811472
0.841509
0.869508
0.900218
0.926498
0.944757
0.964060
0.995513
1.000000
0.969693
0.946012
0.927806
0.899343
0.872309
0.841042
0.809448
0.777986
0.740669
0.712022
0.675634
0.651265
0.629175
0.606930
0.585219
0.562787
0.530443
0.493555
0.459823
0.423259
0.387187
0.349997
0.311069
0.274102
0.236220
0.200573
0.163919
0.127492
0.098324
0.070188
0.032692
-0.007138
-0.045328
-0.082932
-0.114567
-0.143418
-0.180579
-0.216636
-0.253522
-0.289666
-0.323195
-0.360614
-0.394782
-0.427431
-0.461717
-0.502690
-0.538656
-0.576481
-0.609450
-0.641418
-0.675959
-0.706594
-0.740817
-0.773814
-0.806354
-0.837839
-0.865947
-0.892730
-0.922205
-0.949654
-0.962698
-0.991344
-1.000000
-0.972561
-0.946283
-0.918575
-0.901007
-0.876778
-0.849315
-0.829481
-0.795550
-0.764047
-0.736928
-0.704055
-0.671089
-0.637467
-0.614904
-0.592680
-0.557475
-0.520135
-0.481326
-0.448546
-0.419774
-0.391084
-0.358279
-0.323357
-0.288127
-0.258256
-0.219517
-0.182287
-0.146708
-0.106326
-0.065748
-0.024278
0.001921
0.037027
0.073942
0.111394
0.147695
0.176829
0.214040
0.238390
0.274774
0.300045
0.337019
0.373844
0.409108
0.447745
0.482492
0.520297
0.555206
0.592352
0.628613
0.664413
0.696602
0.729292
0.760204
0.789770
0.819754
0.848843
0.874774
0.903514
0.922091
0.950514
0.979285
1.000000
0.972103
0.952206
0.922911
0.890744
0.867627
0.836098
0.814144
0.793541
0.761658
0.731084
0.700624
0.666091
0.644843
0.619509
0.582090
0.546621
0.520981
0.483565
0.451236
0.416015
0.378535
0.350342
0.314227
0.291196
0.252464
0.216979
0.176688
0.137660
0.099947
0.068798
0.032193
-0.003591
-0.041320
-0.079907
-0.117921
-0.151413
-0.165207
-0.185551
-0.215033
-0.241701
-0.276266
-0.304023
-0.336765
-0.353751
-0.383166
-0.396449
-0.428040
-0.441378
-0.471772
-0.485348
-0.518661
-0.535364
-0.567848
-0.582347
-0.613008
-0.632842
-0.668077
-0.700062
-0.733678
-0.763125
-0.787040
-0.798740
-0.826899
-0.848688
-0.877581
-0.889608
-0.917053
-0.930191
-0.953060
-0.963211
-0.972582
-0.983581
-1.000000
-0.989549
-0.960991
-0.949592
-0.922046
-0.910768
-0.892286
-0.874162
-0.859663
-0.843750
-0.815285
-0.799739
-0.773518
-0.760037
-0.727917
-0.710270
-0.679038
-0.668526
-0.643633
-0.625998
-0.597494
-0.571694
-0.550571
-0.538961
-0.515713
-0.498874
-0.471200
-0.451467
-0.428319
-0.407078
-0.392759
-0.368471
-0.332555
-0.318387
-0.280766
-0.246892
-0.211348
-0.186137
-0.155202
-0.133597
-0.107235
-0.070843
-0.037068
-0.002879
0.012002
0.046323
0.077187
0.106143
0.136933
0.168247
0.190323
0.222857
0.253833
0.288300
0.320181
0.349838
0.381080
0.415572
0.445882
0.472317
0.502302
0.532484
0.562970
0.587271
0.616009
0.642934
0.668193
0.699778
0.724338
0.746155
0.771583
0.801872
0.828016
0.850086
0.884383
0.916226
0.933824
0.957501
0.983531
1.000000
0.968555
0.941485
0.924898
0.908860
0.892879
0.864251
0.837743
0.803769
0.766869
0.729294
0.692779
0.663443
0.631039
0.603231
0.570059
0.536709
0.506277
0.473041
0.440470
0.408364
0.369054
0.331113
0.305115
0.269580
0.232859
0.196151
0.155401
0.115077
0.079801
0.055869
0.017901
-0.018458
-0.055383
-0.088689
-0.125459
-0.163500
-0.188332
-0.225371
-0.265554
-0.305851
-0.343828
-0.380254
-0.419324
-0.459522
-0.502819
-0.535127
-0.569524
-0.603509
-0.634931
-0.665429
-0.686858
-0.710101
-0.743623
-0.767139
-0.798443
-0.818799
-0.836549
-0.865500
-0.888912
-0.913209
-0.941680
-0.969400
-0.998096
-1.000000
-0.969712
-0.939558
-0.910492
-0.880671
-0.849805
-0.819249
-0.787942
-0.754461
-0.729707
-0.702976
-0.675066
-0.641340
-0.605484
-0.565771
-0.540178
-0.502075
-0.468527
-0.433594
-0.406116
-0.373115
-0.349017
-0.315187
-0.289901
-0.253721
-0.219612
-0.184245
-0.145614
-0.104564
-0.061570
-0.022323
0.014992
0.052435
0.090616
0.123847
0.147904
0.184044
0.217182
0.239511
0.270061
0.300046
0.314384
0.350463
0.383371
0.410533
0.430666
0.461085
0.494644
0.519397
0.546766
0.569197
0.596616
0.623200
0.642121
0.675695
0.707771
0.738278
0.768566
0.798755
0.828225
0.858023
0.885047
0.914042
0.934245
0.956318
0.979107
0.997899
1.000000
0.982863
0.962005
0.934937
0.917419
0.899649
0.880397
0.863167
0.844338
0.823408
0.796858
0.779220
0.750988
0.722781
0.693558
0.665297
0.632394
0.611752
0.575568
0.553110
0.531240
0.499586
0.470174
0.439506
0.415122
0.390170
0.368295
0.346549
0.314725
0.293656
0.263398
0.244869
0.223378
0.196650
0.180146
0.148169
0.112774
0.077734
0.054052
0.029290
-0.009798
-0.038147
-0.082513
-0.121121
-0.161116
-0.205756
-0.245341
-0.285262
-0.325466
-0.362145
-0.383228
-0.420143
-0.455436
-0.487843
-0.519697
-0.547604
-0.574823
-0.601556
-0.626986
-0.661532
-0.693590
-0.726158
-0.747301
-0.779162
-0.811831
-0.842564
-0.875715
-0.907271
-0.936451
-0.966267
-0.985230
-1.000000
-0.969505
-0.942256
-0.913920
-0.896496
-0.877698
-0.854940
-0.825606
-0.792901
-0.761869
-0.728028
-0.693373
-0.672649
-0.650029
-0.624336
-0.593569
-0.558654
-0.523169
-0.488576
-0.464531
-0.421996
-0.388434
-0.354621
-0.325912
-0.288396
-0.248394
-0.205580
-0.164736
-0.125978
-0.082063
-0.040239
-0.000007
0.036055
0.077883
0.111652
0.146357
0.178478
0.213541
0.246834
0.275537
0.303640
0.331004
0.350192
0.371930
0.395755
0.427399
0.460401
0.483181
0.518113
0.533349
0.565183
0.578407
0.607183
0.620319
0.651355
0.666166
0.682969
0.700425
0.729623
0.747015
0.775311
0.787307
0.819265
0.830537
0.846422
0.858081
0.874952
0.888319
0.904861
0.918733
0.936573
0.949131
0.970719
0.981996
0.997608
1.000000
0.972842
0.962417
0.940596
0.926958
0.907806
0.896609
0.874161
0.862718
0.841686
0.816347
0.785391
0.760724
0.742748
0.721808
0.688491
0.668996
0.631734
0.607498
0.583554
0.562990
0.532529
0.513891
0.490580
0.464877
0.432530
0.408289
0.380820
0.362125
0.339301
0.308646
0.271072
0.242526
0.202797
0.171254
0.131622
0.095945
0.060444
0.026726
-0.009774
-0.041863
-0.073095
-0.107961
-0.148010
-0.180114
-0.219449
-0.247001
-0.284797
-0.320044
-0.352847
-0.375779
-0.416673
-0.453577
-0.478279
-0.511556
-0.545738
-0.577336
-0.600058
-0.625503
-0.651818
-0.682269
-0.716006
-0.748987
-0.781364
-0.811833
-0.831530
-0.862276
-0.891559
-0.917869
-0.939320
-0.965550
-0.990852
-1.000000
-0.970960
-0.951535
-0.922944
-0.894722
-0.865403
-0.835110
-0.806944
-0.776537
-0.747096
-0.715298
-0.678661
-0.641523
-0.606061
-0.579262
-0.543268
-0.509371
-0.482763
-0.447508
-0.409020
-0.373123
-0.335898
-0.299489
-0.265724
-0.232310
-0.207513
-0.172595
-0.132878
-0.096124
-0.060849
-0.035362
-0.010181
0.023375
0.059455
0.094307
0.135268
0.175787
0.202846
0.230739
0.268684
0.304146
0.342049
0.375964
0.409946
0.424919
0.460945
0.477117
0.511033
0.524050
0.559862
0.576581
0.610690
0.624437
0.653903
0.667267
0.699080
0.712078
0.741087
0.753900
0.783560
0.798722
0.828182
0.846740
0.874676
0.886738
0.914038
0.924877
0.953432
0.966205
0.990660
1.000000
0.973318
0.962117
0.933199
0.918967
0.882072
0.863706
0.830841
0.814103
0.780837
0.765388
0.733508
0.715472
0.682818
0.652635
0.614628
0.582966
0.548128
0.525989
0.497254
0.475586
0.440364
0.410703
0.376258
0.356155
0.329223
0.292009
0.253442
0.210265
0.178169
0.142416
0.123926
0.090158
0.074959
0.037240
0.023064
-0.011777
-0.026492
-0.065264
-0.081236
-0.102818
-0.118473
-0.152475
-0.167364
-0.205119
-0.218407
-0.255862
-0.269669
-0.292683
-0.308138
-0.341728
-0.396055
-0.422734
-0.440646
-0.476115
-0.496470
-0.522113
-0.535387
-0.565182
-0.578235
-0.614346
-0.629046
-0.659641
-0.674520
-0.710101
-0.724145
-0.747788
-0.778188
-0.807347
-0.825125
-0.847018
-0.865108
-0.887624
-0.903201
-0.931240
-0.953589
-0.979095
-0.998604
-1.000000
-0.981300
-0.954846
-0.930496
-0.911192
-0.895082
-0.873843
-0.849700
-0.819038
-0.793676
-0.761935
-0.744435
-0.725582
-0.711123
-0.679713
-0.666722
-0.633268
-0.620710
-0.601536
-0.589172
-0.555702
-0.534096
-0.496592
-0.458175
-0.422685
-0.409222
-0.371055
-0.348733
-0.320033
-0.301038
-0.270217
-0.252472
-0.217025
-0.202583
-0.180686
-0.160722
-0.128589
-0.114959
-0.078741
-0.061188
-0.033740
-0.005984
0.021631
0.052357
0.078678
0.097033
0.120671
0.140927
0.178035
0.199209
0.235769
0.263336
0.299280
0.320149
0.355090
0.372306
0.395518
0.420197
0.458446
0.477266
0.501293
0.524248
0.555217
0.585072
0.608123
0.634466
0.662955
0.692445
0.723449
0.753201
0.775787
0.790366
0.813145
0.836715
0.866956
0.886959
0.913306
0.925037
0.951258
0.966251
0.992791
1.000000
0.983074
0.956331
0.933464
0.923842
0.901019
0.886637
0.870956
0.856476
0.828218
0.811609
0.789573
0.774209
0.744319
0.729603
0.706803
0.695442
0.664489
0.651896
0.630583
0.613315
0.600696
0.581486
0.561964
0.544101
0.502349
0.481365
0.451238
0.436258
0.402715
0.379364
0.366715
0.335344
0.311480
0.283116
0.249824
0.233748
0.196469
0.161856
0.123442
0.101508
0.076263
0.035176
0.007168
-0.007939
-0.022366
-0.056553
-0.083333
-0.110804
-0.148452
-0.182120
-0.218727
-0.252945
-0.288959
-0.323561
-0.357611
-0.391213
-0.426160
-0.459762
-0.494720
-0.527928
-0.563444
-0.597785
-0.614974
-0.646452
-0.678812
-0.710156
-0.731672
-0.763305
-0.791406
-0.822464
-0.852916
-0.879227
-0.899805
-0.917503
-0.941151
-0.966552
-0.984979
-1.000000
-0.971916
-0.953092
-0.934629
-0.906012
-0.877974
-0.848087
-0.817488
-0.798489
-0.767595
-0.734868
-0.705446
-0.677009
-0.646842
-0.622849
-0.589675
-0.566302
-0.543881
-0.511398
-0.477217
-0.443514
-0.408461
-0.367697
-0.330571
-0.294046
-0.257128
-0.232326
-0.198276
-0.166696
-0.134162
-0.100674
-0.058958
-0.022776
0.016235
0.060385
0.096588
0.134661
0.173939
0.204673
0.234078
0.272226
0.311056
0.348887
0.385456
0.418842
0.457939
0.482471
0.520462
0.556214
0.584360
0.618638
0.654291
0.682462
0.713528
0.746058
0.772152
0.800712
0.831870
0.855579
0.882678
0.910007
0.937276
0.964792
0.990050
1.000000
0.982146
0.956006
0.926336
0.896859
0.868322
0.846441
0.816176
0.785621
0.765003
0.739222
0.714533
0.682859
0.653680
0.619699
0.587794
0.550740
0.511607
0.475948
0.434519
0.398425
0.358156
0.321868
0.297508
0.263313
0.225431
0.185046
0.149964
0.112087
0.077184
0.039731
-0.000464
-0.030939
-0.066935
-0.091888
-0.132331
-0.156845
-0.197901
-0.238067
-0.262452
-0.296190
-0.331963
-0.366729
-0.401953
-0.434345
-0.470096
-0.504533
-0.536974
-0.574435
-0.605859
-0.643384
-0.667159
-0.694272
-0.725057
-0.744490
-0.766515
-0.799031
-0.828276
-0.856222
-0.886284
-0.912551
-0.938248
-0.966947
-0.995407
-1.000000
-0.971897
-0.944868
-0.915083
-0.882857
-0.851043
-0.822199
-0.790415
-0.761482
-0.731604
-0.700178
-0.669468
-0.647540
-0.611183
-0.572607
-0.535854
-0.502085
-0.474184
-0.435792
-0.398906
-0.361750
-0.326555
-0.287693
-0.251143
-0.228897
-0.190913
-0.162254
-0.126613
-0.091216
-0.055070
-0.019326
0.018101
0.052568
0.088833
0.123655
0.148510
0.171460
0.205597
0.231208
0.246381
0.284693
0.321425
0.358495
0.396510
0.430487
0.465440
0.494713
0.525427
0.558532
0.582780
0.606413
0.641592
0.668453
0.701388
0.721724
0.740713
0.770133
0.794865
0.817330
0.839802
0.862826
0.891019
0.918630
0.947382
0.964112
0.981017
1.000000
0.975387
0.957965
0.933669
0.907579
0.877625
0.858403
0.827889
0.797185
0.778862
0.748223
0.716729
0.687591
0.652299
0.618723
0.585268
0.562848
0.527868
0.503386
0.469908
0.442148
0.410017
0.383555
0.350678
0.314221
0.287437
0.245975
0.202177
0.164276
0.126520
0.084428
0.050763
0.021113
-0.013702
-0.049628
-0.078935
-0.100744
-0.135476
-0.166670
-0.199633
-0.219644
-0.251459
-0.284199
-0.323559
-0.361229
-0.400440
-0.431087
-0.453475
-0.483864
-0.504385
-0.538115
-0.560209
-0.589492
-0.605336
-0.637168
-0.659719
-0.680166
-0.693332
-0.721471
-0.734744
-0.746211
-0.761901
-0.789707
-0.801615
-0.825395
-0.838992
-0.866007
-0.879489
-0.907563
-0.918742
-0.935709
-0.949170
-0.965024
-0.987575
-1.000000
-0.974689
-0.946350
-0.926927
-0.901105
-0.881803
-0.853934
-0.819358
-0.787469
-0.757219
-0.734293
-0.698674
-0.668437
-0.635745
-0.612745
-0.586633
-0.570373
-0.554093
-0.523124
-0.499981
-0.467298
-0.455123
-0.429251
-0.413676
-0.394524
-0.372109
-0.340107
-0.324437
-0.303535
-0.286601
-0.260530
-0.239190
-0.203343
-0.190028
-0.159703
-0.145513
-0.125749
-0.107379
-0.081110
-0.062278
-0.039831
-0.021134
0.007251
0.027730
0.060909
0.077686
0.109568
0.122529
0.158300
0.173580
0.212597
0.235285
0.263567
0.277457
0.310517
0.327389
0.340491
0.361472
0.393130
0.405425
0.440183
0.461386
0.482294
0.510080
0.546089
0.579021
0.602653
0.634862
0.661778
0.692397
0.726426
0.758188
0.789324
0.817616
0.846726
0.871627
0.888876
0.907883
0.922559
0.931301
0.944738
0.955147
0.984006
0.994690
1.000000
0.990744
0.977577
0.967160
0.952814
0.943129
0.915918
0.902909
0.875351
0.864038
0.846646
0.834132
0.805456
0.793063
0.764043
0.751736
0.721152
0.703174
0.678558
0.660401
0.629404
0.617191
0.590429
0.572850
0.540785
0.527865
0.493104
0.480549
0.441205
0.427559
0.407076
0.392066
0.351957
0.313338
0.276173
0.237242
0.197916
0.171537
0.154535
0.119216
0.094278
0.057996
0.043386
0.006370
-0.008749
-0.046774
-0.061579
-0.099543
-0.119015
-0.156391
-0.171748
-0.197230
-0.213778
-0.250013
-0.270303
-0.304036
-0.320682
-0.358228
-0.372608
-0.406019
-0.423739
-0.451495
-0.466917
-0.499815
-0.519938
-0.556438
-0.574637
-0.606138
-0.625891
-0.657744
-0.668875
-0.704068
-0.730967
-0.765135
-0.788118
-0.818885
-0.841434
-0.872768
-0.887376
-0.913931
-0.927140
-0.947400
-0.971946
-1.000000
-0.974968
-0.944444
-0.928243
-0.907155
-0.886808
-0.862079
-0.836543
-0.816393
-0.788007
-0.755575
-0.721166
-0.692021
-0.659998
-0.627287
-0.590933
-0.556641
-0.522279
-0.486248
-0.447128
-0.411123
-0.373202
-0.339845
-0.302854
-0.272140
-0.246466
-0.208301
-0.184318
-0.152690
-0.140282
-0.108021
-0.091881
-0.070532
-0.055713
-0.020208
-0.004624
0.027712
0.042976
0.080671
0.095444
0.135204
0.150076
0.186792
0.207551
0.243062
0.257411
0.292911
0.310321
0.346246
0.360660
0.399063
0.420646
0.455568
0.470821
0.489671
0.503939
0.540488
0.557925
0.593910
0.613396
0.646053
0.676732
0.711893
0.723545
0.743575
0.761271
0.795311
0.813168
0.834671
0.859140
0.883623
0.914672
0.943364
0.973263
0.994781
1.000000
0.973131
0.945280
0.915388
0.881873
0.846771
0.816784
0.781169
0.764818
0.734510
0.721158
0.699933
0.687058
0.666635
0.653269
0.620438
0.607408
0.577392
0.564612
0.533874
0.519601
0.485867
0.466197
0.442051
0.427374
0.390641
0.372188
0.338800
0.323801
0.289822
0.269541
0.227352
0.213536
0.190626
0.169567
0.147459
0.131078
0.095689
0.081071
0.043243
0.029031
-0.006779
-0.023642
-0.058643
-0.077076
-0.113384
-0.132514
-0.174993
-0.191443
-0.226282
-0.246773
-0.285426
-0.306514
-0.338792
-0.354244
-0.392162
-0.419258
-0.453992
-0.490220
-0.525528
-0.560616
-0.589601
-0.615752
-0.649380
-0.684980
-0.715262
-0.742887
-0.771992
-0.788660
-0.813601
-0.826066
-0.855927
-0.866949
-0.885765
-0.896593
-0.923386
-0.940345
-0.966229
-0.980429
-1.000000
-0.989757
-0.966060
-0.955777
-0.927985
-0.916412
-0.889267
-0.877072
-0.847710
-0.831293
-0.801410
-0.786022
-0.759075
-0.742627
-0.713810
-0.700446
-0.670031
-0.656629
-0.620536
-0.591203
-0.556705
-0.531261
-0.495796
-0.475905
-0.436684
-0.423240
-0.386024
-0.364997
-0.341695
-0.319220
-0.281764
-0.260966
-0.224245
-0.205570
-0.171822
-0.145713
-0.108028
-0.071084
-0.032345
0.005374
0.042524
0.080346
0.119283
0.157865
0.172772
0.200237
0.235706
0.251130
0.283308
0.297770
0.337643
0.352323
0.382143
0.400054
0.420308
0.442055
0.475659
0.494367
0.517173
0.529597
0.553520
0.566625
0.592319
0.604252
0.623426
0.635687
0.667225
0.678847
0.706298
0.721452
0.741662
0.756400
0.785937
0.797994
0.823970
0.838311
0.854997
0.866233
0.897918
0.911932
0.938176
0.954667
0.974764
0.989452
1.000000
0.975908
0.946481
0.919558
0.889978
0.876616
0.845233
0.818702
0.787247
0.770716
0.737442
0.726431
0.709878
0.682789
0.650923
0.615163
0.576583
0.538795
0.503941
0.479959
0.453179
0.429017
0.396077
0.383046
0.357992
0.338103
0.314421
0.300408
0.278750
0.262770
0.224998
0.210146
0.177261
0.157667
0.122618
0.102640
0.060184
0.044343
0.023147
0.009233
-0.014553
-0.036950
-0.063236
-0.082418
-0.114141
-0.130035
-0.165909
-0.188041
-0.213752
-0.226953
-0.254220
-0.276550
-0.311309
-0.326802
-0.359841
-0.379018
-0.413204
-0.426052
-0.447769
-0.468553
-0.502797
-0.524572
-0.559637
-0.579592
-0.600310
-0.627313
-0.662324
-0.684273
-0.716305
-0.737585
-0.770133
-0.800193
-0.822696
-0.850075
-0.870093
-0.898127
-0.927365
-0.954730
-0.981021
-1.000000
-0.979179
-0.957160
-0.943114
-0.917357
-0.906057
-0.884769
-0.872345
-0.843650
-0.831870
-0.807414
-0.792866
-0.760573
-0.747364
-0.719085
-0.705086
-0.672516
-0.655849
-0.621485
-0.609211
-0.578659
-0.565584
-0.533034
-0.512397
-0.477808
-0.457882
-0.424793
-0.409081
-0.371927
-0.351173
-0.313991
-0.299078
-0.273683
-0.259994
-0.222023
-0.202733
-0.164834
-0.151425
-0.123374
-0.089956
-0.053632
-0.029675
0.007454
0.033809
0.057551
0.089126
0.115263
0.140607
0.170506
0.197431
0.233394
0.263589
0.293421
0.330328
0.369983
0.399848
0.434593
0.464476
0.502666
0.539333
0.565658
0.581046
0.610344
0.623778
0.655440
0.668289
0.698721
0.721212
0.754001
0.766402
0.796986
0.811477
0.840850
0.852881
0.873678
0.884193
0.911537
0.921812
0.947824
0.961908
0.987665
1.000000
0.970876
0.958597
0.931885
0.919192
0.888605
0.875539
0.843773
0.831390
0.799041
0.770405
0.738379
0.708334
0.675430
0.656599
0.622108
0.591362
0.557636
0.537551
0.501653
0.473391
0.433881
0.410118
0.374290
0.351933
0.327988
0.298055
0.263701
0.249226
0.224923
0.197177
0.173994
0.137040
0.109618
0.082033
0.044860
0.008146
-0.027443
-0.049885
-0.083738
-0.098720
-0.132871
-0.148906
-0.182261
-0.197780
-0.227184
-0.243440
-0.277432
-0.293219
-0.328986
-0.341550
-0.374529
-0.393071
-0.420186
-0.433978
-0.466160
-0.486737
-0.520417
-0.535967
-0.568102
-0.582976
-0.604627
-0.618090
-0.651829
-0.665127
-0.691627
-0.703836
-0.735872
-0.747353
-0.768011
-0.780348
-0.808255
-0.822516
-0.852869
-0.865856
-0.896393
-0.913221
-0.933864
-0.944167
-0.975176
-0.998396
-1.000000
-0.977328
-0.951312
-0.927229
-0.899713
-0.870588
-0.840440
-0.815529
-0.784729
-0.760911
-0.729658
-0.700042
-0.669117
-0.640383
-0.607056
-0.593240
-0.560573
-0.546826
-0.516073
-0.500132
-0.481167
-0.467751
-0.437402
-0.418303
-0.386869
-0.372307
-0.349819
-0.335179
-0.297864
-0.285393
-0.251204
-0.236892
-0.200350
-0.184201
-0.144328
-0.124412
-0.083938
-0.068898
-0.047209
-0.028400
0.007422
0.028931
0.066884
0.084272
0.121289
0.143766
0.177360
0.191942
0.215278
0.235463
0.258356
0.279838
0.313238
0.332354
0.368142
0.397420
0.430690
0.444744
0.474688
0.494806
0.518735
0.535622
0.569673
0.591507
0.618444
0.643108
0.676232
0.702867
0.735298
0.763429
0.793370
0.824640
0.855372
0.883505
0.910901
0.922541
0.952004
0.963658
0.984836
0.994991
1.000000
0.987651
0.958058
0.941358
0.912471
0.900005
0.878972
0.867697
0.844345
0.832918
0.797373
0.780894
0.759569
0.745655
0.713163
0.697981
0.661797
0.644955
0.613462
0.597790
0.566884
0.549818
0.513196
0.498365
0.460349
0.447663
0.425843
0.404204
0.383898
0.353409
0.318865
0.300101
0.271727
0.255188
0.216336
0.190862
0.153728
0.131420
0.104880
0.072455
0.039749
0.014682
-0.009658
-0.042324
-0.078430
-0.102067
-0.137744
-0.163057
-0.197025
-0.230311
-0.254734
-0.286479
-0.323893
-0.358520
-0.396402
-0.435444
-0.474678
-0.514653
-0.552770
-0.584325
-0.614717
-0.639507
-0.661276
-0.692409
-0.726481
-0.749380
-0.779207
-0.797235
-0.814736
-0.841949
-0.864500
-0.882875
-0.910133
-0.935125
-0.962037
-0.989986
-1.000000
-0.971326
-0.937134
-0.918534
-0.898685
-0.870307
-0.840236
-0.811101
-0.781128
-0.753270
-0.719855
-0.688425
-0.656352
-0.623058
-0.590648
-0.557697
-0.521776
-0.485978
-0.453873
-0.420487
-0.383761
-0.348484
-0.310275
-0.273639
-0.233451
-0.191760
-0.163316
-0.135036
-0.099038
-0.074067
-0.033896
0.008358
0.046509
0.086478
0.123778
0.161139
0.197952
0.222571
0.258482
0.294733
0.335840
0.357735
0.397562
0.422444
0.460471
0.488089
0.513727
0.539108
0.567613
0.603137
0.639124
0.672566
0.707539
0.742418
0.774189
0.802176
0.829236
0.856448
0.886017
0.915262
0.946371
0.976091
0.993193
1.000000
0.972673
0.944275
0.913956
0.893624
0.873636
0.843867
0.813387
0.781100
0.759713
0.735373
0.713261
0.679233
0.645146
0.620976
0.587156
0.551698
0.511190
0.480013
0.440940
0.404218
0.368017
0.333425
0.299262
0.255254
0.218746
0.178950
0.136266
0.105593
0.076999
0.042901
0.019016
-0.015812
-0.051384
-0.091682
-0.124287
-0.165889
-0.202387
-0.240017
-0.278549
-0.315257
-0.350134
-0.386645
-0.414874
-0.447956
-0.484419
-0.512641
-0.547189
-0.580437
-0.603561
-0.636324
-0.669283
-0.690078
-0.711567
-0.733897
-0.765087
-0.794990
-0.824227
-0.857598
-0.890693
-0.920578
-0.948447
-0.975236
-1.000000
-0.975201
-0.949079
-0.923690
-0.905096
-0.875420
-0.844156
-0.813607
-0.780492
-0.756598
-0.731218
-0.704859
-0.680317
-0.650339
-0.616096
-0.584578
-0.553605
-0.519411
-0.486461
-0.457763
-0.420721
-0.375012
-0.333818
-0.297261
-0.260050
-0.223599
-0.182882
-0.143232
-0.103383
-0.063392
-0.025792
0.015443
0.053876
0.091041
0.117050
0.153771
0.189941
0.227331
0.258030
0.295201
0.333031
0.369645
0.399596
0.423787
0.456183
0.492331
0.529103
0.566437
0.602413
0.635401
0.657098
0.688051
0.718715
0.738635
0.772363
0.801195
0.834382
0.865731
0.896232
0.925078
0.952179
0.981953
1.000000
0.973383
0.944342
0.917499
0.886544
0.854882
0.826471
0.794164
0.761506
0.730514
0.708043
0.675101
0.639331
0.603207
0.576636
0.549569
0.516680
0.493577
0.457639
0.420863
0.387256
0.350925
0.312940
0.272129
0.234548
0.197072
0.158943
0.120936
0.081184
0.046084
0.015754
-0.013245
-0.053511
-0.079343
-0.119057
-0.159793
-0.202372
-0.242934
-0.284277
-0.323418
-0.353480
-0.392840
-0.429899
-0.469413
-0.505867
-0.542004
-0.576479
-0.609247
-0.641018
-0.661487
-0.691872
-0.725656
-0.758577
-0.787421
-0.799365
-0.825791
-0.837910
-0.863275
-0.872750
-0.896688
-0.907923
-0.928171
-0.939053
-0.965362
-0.979510
-1.000000
-0.990183
-0.963951
-0.954267
-0.934760
-0.925130
-0.892278
-0.875703
-0.847431
-0.829675
-0.799098
-0.782898
-0.762410
-0.750147
-0.732941
-0.715829
-0.688580
-0.676460
-0.646559
-0.629726
-0.609234
-0.593252
-0.560119
-0.534046
-0.500271
-0.480879
-0.443838
-0.425586
-0.394857
-0.378849
-0.358452
-0.337781
-0.302198
-0.272162
-0.237244
-0.201813
-0.168079
-0.136626
-0.099212
-0.068816
-0.031520
-0.000950
0.028258
0.054601
0.091539
0.127940
0.161120
0.195602
0.233732
0.267513
0.305373
0.342917
0.381811
0.405107
0.442009
0.470447
0.505416
0.540330
0.570974
0.593613
0.615750
0.641725
0.668049
0.701388
0.726791
0.760702
0.795884
0.826216
0.858802
0.889582
0.922271
0.940466
0.969713
0.996790
1.000000
0.972337
0.945700
0.928777
0.898056
0.877602
0.858087
0.827380
0.795758
0.761157
0.739880
0.706103
0.671013
0.637503
0.601930
0.566835
0.531240
0.504962
0.477011
0.454187
0.419692
0.390783
0.362582
0.339148
0.295764
0.256074
0.220205
0.191946
0.169627
0.135709
0.102512
0.071315
0.039262
0.009106
-0.018183
-0.048635
-0.080636
-0.117037
-0.147503
-0.182937
-0.215102
-0.249065
-0.283238
-0.315719
-0.343582
-0.372045
-0.407382
-0.430721
-0.464978
-0.493987
-0.517120
-0.548687
-0.573951
-0.609526
-0.632931
-0.655047
-0.687490
-0.713621
-0.747157
-0.777712
-0.810339
-0.842317
-0.872306
-0.903887
-0.932981
-0.956258
-0.981754
-1.000000
-0.972327
-0.956332
-0.939941
-0.921576
-0.898821
-0.865166
-0.834734
-0.802724
-0.767966
-0.737337
-0.704770
-0.683451
-0.650882
-0.617150
-0.582762
-0.547042
-0.507463
-0.472660
-0.432153
-0.394290
-0.349683
-0.308088
-0.267608
-0.226270
-0.180359
-0.139172
-0.108579
-0.078821
-0.043355
-0.005987
0.031221
0.064834
0.102704
0.141821
0.178131
0.216597
0.251058
0.290592
0.327165
0.357520
0.393136
0.427664
0.463230
0.495905
0.525256
0.560633
0.594727
0.627392
0.649624
0.682102
0.713878
0.745227
0.776496
0.800147
0.834279
0.846871
0.877421
0.904849
0.930476
0.953831
0.975434
1.000000
0.970782
0.946124
0.919017
0.889525
0.861419
0.831897
0.800518
0.768876
0.734391
0.711325
0.681001
0.646371
0.610894
0.575268
0.540766
0.512225
0.487016
0.454859
0.431813
0.401235
0.361086
0.334066
0.307021
0.270628
0.234298
0.199817
0.165727
0.127034
0.086727
0.047761
0.009200
-0.029767
-0.068584
-0.108723
-0.138583
-0.177848
-0.214337
-0.255390
-0.285712
-0.313671
-0.349429
-0.382860
-0.417303
-0.454424
-0.488757
-0.525938
-0.562981
-0.599171
-0.630869
-0.664287
-0.697694
-0.724571
-0.755194
-0.787930
-0.819244
-0.849091
-0.868820
-0.896956
-0.920653
-0.943295
-0.961754
-0.982492
-1.000000
-0.974885
-0.947907
-1.201965
-1.118731
-1.101574
-1.092193
-1.074385
-1.065192
-1.041686
-1.020359
-0.995192
-0.982639
-0.956473
-0.947514
-0.927965
-0.918714
-0.895296
-0.882065
-0.861792
-0.851394
-0.819544
-0.804392
-0.776045
-0.760396
-0.730075
-0.716138
-0.687938
-0.666717
-0.647379
-0.631863
-0.600606
-0.581822
-0.553145
-0.533734
-0.502933
-0.484456
-0.447400
-0.425277
-0.387151
-0.371435
-0.348895
-0.328691
-0.301450
-0.281302
-0.248946
-0.234469
-0.198280
-0.175249
-0.139715
-0.108495
-0.070572
-0.033906
0.004052
0.035769
0.070918
0.104488
0.135268
0.175215
0.203888
0.239268
0.274801
0.299717
0.332095
0.347202
0.381707
0.396870
0.415309
0.427793
0.458530
0.470844
0.494810
0.508474
0.538506
0.551929
0.586501
0.599637
0.632816
0.645298
0.664696
0.678885
0.707281
0.719637
0.754719
0.771662
0.801076
0.817999
0.849652
0.863437
0.891302
0.902334
0.933104
0.944071
0.970441
0.984896
1.000000
0.990056
0.963096
0.949716
0.931048
0.915232
0.884074
0.867531
0.841491
0.815096
0.785510
0.761070
0.726821
0.707761
0.681883
0.650773
0.605842
0.584653
0.554100
0.513870
0.472757
0.436511
0.395594
0.355475
0.319256
0.290543
0.260632
0.231987
0.199983
0.182211
0.148123
0.133896
0.098675
0.082603
0.043872
0.029685
-0.004215
-0.023213
-0.058077
-0.077864
-0.111408
-0.123980
-0.147824
-0.162557
-0.197704
-0.212267
-0.245972
-0.260573
-0.297058
-0.314322
-0.351055
-0.364644
-0.398388
-0.419127
-0.453779
-0.470619
-0.499734
-0.516696
-0.549666
-0.563556
-0.600479
-0.620051
-0.655332
-0.670294
-0.702643
-0.716071
-0.752313
-0.775864
-0.807060
-0.836089
-0.866566
-0.887942
-0.915872
-0.939985
-0.968211
-0.996654
-1.000000
-0.981512
-0.951860
-0.923277
-0.893959
-0.860189
-0.830270
-0.797127
-0.765587
-0.735302
-0.700432
-0.668738
-0.654589
-0.621592
-0.607735
-0.572989
-0.558464
-0.523484
-0.507059
-0.472432
-0.458569
-0.427526
-0.411884
-0.387461
-0.368193
-0.332472
-0.317898
-0.293092
-0.272091
-0.233751
-0.217185
-0.190765
-0.175762
-0.153001
-0.132759
-0.095162
-0.074193
-0.036675
-0.023993
0.010672
0.024458
0.062630
0.082652
0.120110
0.137609
0.168660
0.188450
0.225340
0.248201
0.284472
0.317592
0.346524
0.367540
0.403749
0.417044
0.449648
0.469444
0.498895
0.523524
0.540652
0.567843
0.600355
0.634854
0.668391
0.702047
0.733148
0.764808
0.797722
0.829427
0.863713
0.890885
0.904802
0.926183
0.938191
0.959302
0.972603
0.998488
1.000000
0.975378
0.960455
0.933119
0.920150
0.891142
0.880737
0.851878
0.841544
0.810841
0.792682
0.759049
0.741620
0.708556
0.691257
0.660540
0.646703
0.610277
0.594369
0.568367
0.554365
0.521513
0.506223
0.469184
0.454437
0.427826
0.414234
0.378302
0.345957
0.310852
0.292507
0.253769
0.233791
0.195513
0.162411
0.132200
0.095243
0.055720
0.031939
-0.003745
-0.032600
-0.069095
-0.108369
-0.133101
-0.169140
-0.205910
-0.249137
-0.287043
-0.311264
-0.346311
-0.379896
-0.401380
-0.427324
-0.440855
-0.473519
-0.488733
-0.519502
-0.534940
-0.566711
-0.581079
-0.612661
-0.627897
-0.663009
-0.676606
-0.703774
-0.716517
-0.747425
-0.765199
-0.796171
-0.814263
-0.841653
-0.854372
-0.883274
-0.900634
-0.928454
-0.939175
-0.963587
-0.974174
-1.000000
-0.983624
-0.950910
-0.939487
-0.908766
-0.897587
-0.864899
-0.849011
-0.816528
-0.797350
-0.767294
-0.753233
-0.727166
-0.702709
-0.673332
-0.655404
-0.620622
-0.596837
-0.558365
-0.537455
-0.512063
-0.487292
-0.464576
-0.435732
-0.400559
-0.368730
-0.329040
-0.292926
-0.247165
-0.202710
-0.167852
-0.152821
-0.120659
-0.105845
-0.068546
-0.054128
-0.018271
0.000944
0.023811
0.040042
0.075236
0.090313
0.121134
0.134735
0.168841
0.184641
0.220633
0.236122
0.274664
0.292676
0.328872
0.349729
0.385907
0.401273
0.433350
0.449080
0.484212
0.499485
0.527233
0.541699
0.581044
0.603701
0.629601
0.642788
0.676972
0.690659
0.713377
0.731903
0.761284
0.773270
0.792625
0.818767
0.846414
0.863775
0.878205
0.893266
0.920092
0.944468
0.972306
0.989945
1.000000
0.976400
0.945569
0.932092
0.907111
0.878293
0.848587
0.824383
0.797501
0.779181
0.754679
0.743538
0.717817
0.704511
0.688374
0.674677
0.654381
0.642715
0.611859
0.598102
0.564883
0.545988
0.513372
0.500217
0.476984
0.464376
0.445831
0.431708
0.398884
0.384806
0.349316
0.329665
0.303735
0.285358
0.251094
0.234363
0.193888
0.179838
0.158973
0.142505
0.111742
0.098200
0.055085
0.031643
0.002115
-0.018329
-0.052005
-0.076472
-0.099123
-0.120883
-0.144421
-0.158746
-0.196324
-0.218002
-0.255152
-0.287862
-0.322398
-0.354522
-0.387414
-0.415160
-0.442667
-0.474823
-0.504636
-0.520074
-0.555876
-0.578100
-0.614960
-0.648290
-0.684600
-0.715208
-0.752823
-0.784145
-0.809924
-0.839991
-0.869136
-0.895476
-0.913914
-0.942058
-0.971130
-0.999890
-1.000000
-0.972449
-0.944304
-0.913504
-0.887487
-0.855529
-0.825749
-0.806072
-0.785023
-0.754344
-0.720794
-0.689621
-0.658072
-0.625907
-0.587172
-0.552429
-0.512676
-0.470388
-0.430825
-0.391454
-0.349782
-0.314995
-0.278595
-0.241031
-0.217552
-0.193204
-0.169451
-0.132047
-0.106850
-0.071324
-0.030423
0.006279
0.043114
0.082851
0.125141
0.162572
0.199640
0.236642
0.273967
0.298372
0.322998
0.354961
0.388678
0.412392
0.435371
0.460592
0.491004
0.531152
0.568358
0.601392
0.631087
0.662718
0.685816
0.716257
0.750092
0.780300
0.812362
0.843578
0.874990
0.904538
0.926763
0.957893
0.981100
1.000000
0.978846
0.960580
0.942434
0.914738
0.887190
0.855879
0.833231
0.804130
0.769753
0.737117
0.706513
0.674668
0.640482
0.614294
0.577387
0.543389
0.510712
0.475104
0.436720
0.401239
0.361530
0.324869
0.286555
0.250508
0.211374
0.176255
0.141689
0.105289
0.065187
0.025301
-0.013523
-0.055607
-0.096811
-0.135145
-0.173652
-0.211159
-0.246064
-0.275322
-0.305221
-0.333853
-0.370545
-0.407518
-0.443618
-0.479211
-0.517181
-0.554318
-0.588850
-0.624871
-0.651876
-0.686346
-0.719943
-0.742644
-0.760275
-0.789532
-0.801348
-0.829792
-0.892793
-0.921382
-0.932625
-0.957710
-0.972228
-0.989022
-1.000000
-0.973253
-0.962841
-0.936062
-0.922258
-0.900037
-0.888036
-0.855610
-0.842742
-0.813799
-0.801852
-0.766915
-0.753076
-0.724012
-0.707495
-0.676179
-0.662343
-0.632838
-0.621694
-0.597471
-0.566131
-0.530752
-0.519271
-0.483376
-0.452689
-0.414841
-0.398502
-0.361857
-0.327326
-0.289038
-0.255387
-0.220449
-0.196420
-0.161632
-0.128911
-0.091936
-0.064246
-0.031698
0.003860
0.042291
0.083131
0.125158
0.164008
0.200401
0.220126
0.241682
0.255676
0.281854
0.299209
0.333047
0.346949
0.380867
0.396585
0.418383
0.432694
0.459373
0.473030
0.505034
0.519668
0.545416
0.556935
0.589980
0.602489
0.634024
0.648687
0.685445
0.702113
0.736254
0.749766
0.779041
0.796279
0.826354
0.837163
0.866345
0.881283
0.910963
0.923997
0.947818
0.963718
0.991274
1.000000
0.971953
0.959611
0.937067
0.922822
0.895074
0.884087
0.865434
0.837248
0.803748
0.791332
0.763981
0.745282
0.721618
0.704829
0.669966
0.643857
0.608816
0.582506
0.548506
0.513243
0.477599
0.440384
0.404543
0.368430
0.339044
0.314752
0.277582
0.242103
0.212538
0.179748
0.160233
0.119154
0.103073
0.078607
0.064243
0.037237
0.019871
-0.017029
-0.031291
-0.052476
-0.069247
-0.106308
-0.124172
-0.162030
-0.173284
-0.186516
-0.200935
-0.238486
-0.257096
-0.292524
-0.306977
-0.340222
-0.358929
-0.383662
-0.401843
-0.430936
-0.449357
-0.484322
-0.500402
-0.531893
-0.552184
-0.581027
-0.592952
-0.620389
-0.633905
-0.659513
-0.680965
-0.703172
-0.715132
-0.734280
-0.763520
-0.789988
-0.810204
-0.832898
-0.853011
-0.872374
-0.893995
-0.907279
-0.936431
-0.965220
-0.985846
-1.000000
-0.971026
-0.944282
-0.913177
-0.882524
-0.852484
-0.821386
-0.793114
-0.765972
-0.744435
-0.721701
-0.709338
-0.678092
-0.665104
-0.635995
-0.622973
-0.590252
-0.575084
-0.555067
-0.540876
-0.507808
-0.494655
-0.459543
-0.443947
-0.412411
-0.396354
-0.360122
-0.345582
-0.310537
-0.294581
-0.267424
-0.251383
-0.212453
-0.195413
-0.159420
-0.144754
-0.118008
-0.103267
-0.063954
-0.050062
-0.028829
-0.011449
0.013819
0.029049
0.070887
0.098051
0.135098
0.154297
0.191383
0.207632
0.240172
0.261537
0.295474
0.320551
0.358411
0.395924
0.434792
0.475040
0.511678
0.537606
0.559498
0.582216
0.614009
0.647120
0.673088
0.708490
0.743184
0.768674
0.799462
0.812495
0.839707
0.851010
0.878294
0.890276
0.917089
0.927084
0.952943
0.966963
0.990665
1.000000
0.975220
0.964233
0.938005
0.927587
0.901690
0.885950
0.856267
0.839163
0.820279
0.807454
0.783777
0.771113
0.740991
0.722781
0.689201
0.675609
0.640459
0.621008
0.590503
0.577193
0.542477
0.510560
0.475213
0.461086
0.423916
0.391729
0.355220
0.317694
0.278546
0.254257
0.229186
0.194413
0.157415
0.134812
0.099115
0.074948
0.037342
-0.002677
-0.042150
-0.081663
-0.108449
-0.145979
-0.184212
-0.219587
-0.241811
-0.257246
-0.289616
-0.305556
-0.340700
-0.355238
-0.381987
-0.399611
-0.433635
-0.455122
-0.492632
-0.506923
-0.538189
-0.552984
-0.584843
-0.596161
-0.631083
-0.642159
-0.673534
-0.685856
-0.708119
-0.719535
-0.748350
-0.762785
-0.787558
-0.800561
-0.823069
-0.835078
-0.853829
-0.868104
-0.898287
-0.914722
-0.934339
-0.947715
-0.965642
-0.987951
-1.000000
-0.978338
-0.949595
-0.933941
-0.911717
-0.890984
-0.863728
-0.837417
-0.805943
-0.787648
-0.767629
-0.732423
-0.700157
-0.677146
-0.651520
-0.619604
-0.586611
-0.552446
-0.516267
-0.479484
-0.445534
-0.411249
-0.374392
-0.359770
-0.329037
-0.313718
-0.281073
-0.265062
-0.242940
-0.228614
-0.196886
-0.182166
-0.154926
-0.135500
-0.111122
-0.094294
-0.060815
-0.047046
-0.007933
0.006056
0.045201
0.062439
0.096336
0.113585
0.150603
0.169629
0.211743
0.228325
0.262721
0.275986
0.296983
0.311889
0.344742
0.360201
0.397197
0.414164
0.446141
0.463287
0.499013
0.525158
0.561561
0.573190
0.603876
0.622158
0.653522
0.685597
0.720791
0.741007
0.772089
0.798887
0.828224
0.846404
0.865973
0.891160
0.917478
0.938123
0.966950
0.990906
1.000000
0.979050
0.960683
0.932378
0.913473
0.885399
0.851715
0.817667
0.786140
0.756353
0.721144
0.688062
0.653388
0.631940
0.608221
0.578782
0.541631
0.516754
0.487087
0.453491
0.418712
0.388959
0.349819
0.312457
0.273750
0.249744
0.225405
0.187921
0.150992
0.120232
0.090991
0.062684
0.031191
-0.005674
-0.043576
-0.080820
-0.104317
-0.129605
-0.154511
-0.193543
-0.231707
-0.271523
-0.311977
-0.350104
-0.373928
-0.401566
-0.441056
-0.480336
-0.517241
-0.553110
-0.576300
-0.613653
-0.645656
-0.679732
-0.716302
-0.748461
-0.779931
-0.801024
-0.829583
-0.858856
-0.888182
-0.916996
-0.938582
-0.958770
-0.976974
-1.000000
-0.978208
-0.951766
-0.923833
-0.912396
-0.884620
-0.872633
-0.852594
-0.841340
-0.812372
-0.800717
-0.772803
-0.760042
-0.741186
-0.725241
-0.696040
-0.683972
-0.650256
-0.638401
-0.612123
-0.597589
-0.561683
-0.542781
-0.506368
-0.490466
-0.468139
-0.449504
-0.413228
-0.395274
-0.360441
-0.345096
-0.310307
-0.293218
-0.256011
-0.243703
-0.210654
-0.189608
-0.165448
-0.134265
-0.093733
-0.071858
-0.035960
-0.014272
0.025791
0.041632
0.077601
0.100051
0.134098
0.156690
0.190741
0.209272
0.273394
0.291557
0.326047
0.357122
0.394728
0.425107
0.461014
0.482840
0.505699
0.537599
0.559548
0.581198
0.601758
0.629124
0.662085
0.693164
0.724231
0.754651
0.786106
0.818107
0.842487
0.863942
0.877737
0.904402
0.931371
0.954671
0.980708
1.000000
0.972627
0.950791
0.923146
0.896823
0.877830
0.857498
0.824918
0.793091
0.761566
0.730073
0.695406
0.664767
0.644297
0.608723
0.575718
0.543027
0.508382
0.480231
0.450792
0.411108
0.375543
0.337598
0.313299
0.276481
0.237788
0.209468
0.184489
0.147901
0.106016
0.063414
0.024632
-0.014970
-0.057705
-0.097315
-0.137931
-0.161637
-0.201050
-0.236775
-0.270616
-0.306628
-0.336952
-0.370637
-0.406116
-0.442312
-0.478046
-0.512926
-0.549028
-0.570244
-0.601592
-0.613551
-0.644485
-0.656597
-0.686062
-0.700658
-0.730934
-0.745405
-0.767795
-0.782378
-0.814461
-0.825028
-0.855889
-0.869084
-0.898943
-0.911549
-0.938242
-0.949595
-0.975256
-0.987819
-1.000000
-0.984613
-0.957718
-0.945597
-0.918411
-0.902341
-0.881333
-0.868909
-0.838407
-0.827193
-0.793767
-0.768422
-0.736210
-0.724390
-0.702878
-0.685035
-0.654610
-0.637808
-0.602124
-0.588834
-0.551571
-0.520071
-0.484792
-0.462002
-0.438396
-0.403073
-0.368684
-0.346316
-0.310461
-0.269189
-0.227534
-0.187733
-0.144348
-0.103774
-0.061998
-0.028394
0.008621
0.041238
0.072334
0.089867
0.128170
0.158896
0.195742
0.210508
0.233559
0.250418
0.283310
0.298544
0.336000
0.352213
0.389846
0.403867
0.440580
0.453983
0.479762
0.493520
0.529772
0.546670
0.581860
0.602437
0.629796
0.643350
0.667015
0.682764
0.717260
0.736653
0.773885
0.792647
0.824692
0.840487
0.872199
0.886407
0.915652
0.930789
0.950264
0.962564
0.989923
1.000000
0.972318
0.946521
0.916453
0.895665
0.865909
0.833878
0.800311
0.764774
0.743180
0.717411
0.691313
0.657070
0.630449
0.596030
0.561470
0.525026
0.496247
0.474061
0.457317
0.421288
0.406518
0.373373
0.361390
0.342455
0.327820
0.294331
0.279028
0.237572
0.219422
0.196151
0.181181
0.157717
0.144138
0.107668
0.094599
0.055314
0.042825
0.006740
-0.009774
-0.043432
-0.063907
-0.103542
-0.117596
-0.151314
-0.171758
-0.194113
-0.210443
-0.238717
-0.255392
-0.294741
-0.315870
-0.352894
-0.366684
-0.404679
-0.422202
-0.460725
0.850789
0.693921
0.672455
0.660407
0.639697
0.602760
0.581732
0.551548
0.518006
0.500742
0.467874
0.444650
0.407388
0.380620
0.357276
0.316560
0.280600
0.265639
0.239534
0.218925
0.197934
0.178512
0.154718
0.136894
0.110901
0.087033
0.039330
0.024438
0.005802
-0.008112
-0.023908
-0.037076
-0.063224
-0.079762
-0.095311
-0.109559
-0.125382
-0.138892
-0.160341
-0.179326
-0.192824
-0.208499
-0.235879
-0.257786
-0.296167
-0.312066
-0.330467
-0.344401
-0.372679
-0.392093
-0.425750
-0.447528
-0.481070
-0.496182
-0.509770
-0.530584
-0.562572
-0.578216
-0.611824
-0.639093
-0.669111
-0.690712
-0.720186
-0.742757
-0.772527
-0.804028
-0.835360
-0.860406
-0.883855
-0.911413
-0.942394
-0.968767
-0.981658
-1.000000
-0.988932
-0.965198
-0.954749
-0.929643
-0.917777
-0.896093
-0.878845
-0.850992
-0.835633
-0.807676
-0.794859
-0.763935
-0.751231
-0.717695
-0.704542
-0.675143
-0.663265
-0.628579
-0.613804
-0.579920
-0.556842
-0.524663
-0.503586
-0.470959
-0.451775
-0.417382
-0.402623
-0.380269
-0.365079
-0.330985
-0.316420
-0.301808
-0.273776
-0.254863
-0.240161
-0.214452
-0.198187
-0.175132
-0.154296
-0.132991
-0.116784
-0.093776
-0.070345
-0.046018
-0.020939
0.007231
0.026342
0.055396
0.081301
0.107486
0.123999
0.153503
0.182398
0.221661
0.252002
0.277691
0.314648
0.351004
0.387112
0.413452
0.433094
0.458448
0.476939
0.502345
0.518701
0.551008
0.568898
0.602004
0.616527
0.649869
0.664865
0.683980
0.698058
0.728351
0.741716
0.770799
0.785243
0.813493
0.827152
0.855306
0.869331
0.898634
0.911823
0.940317
0.954027
0.982485
0.996554
1.000000
0.980757
0.954157
0.937335
0.906976
0.883510
0.849506
0.831927
0.808423
0.788458
0.759753
0.740667
0.703227
0.687147
0.661797
0.640772
0.605219
0.587421
0.553055
0.532028
0.498270
0.468107
0.432628
0.406670
0.384371
0.349233
0.324319
0.300560
0.266255
0.234833
0.196197
0.177545
0.136864
0.121037
0.098347
0.082902
0.045227
0.025689
0.002543
-0.023452
-0.056960
-0.072399
-0.109354
-0.127902
-0.155154
-0.170338
-0.206918
-0.222643
-0.256266
-0.271019
-0.305834
-0.331461
-0.359811
-0.382349
-0.417677
-0.433682
-0.469251
-0.491309
-0.528277
-0.549350
-0.582019
-0.599614
-0.629029
-0.651026
-0.687152
-0.701708
-0.733713
-0.761316
-0.792469
-0.811059
-0.846578
-0.871968
-0.898795
-0.910127
-0.941697
-0.954769
-0.972618
-0.986440
-1.000000
-0.972795
-0.947895
-0.928669
-0.902349
-0.890378
-0.870625
-0.854768
-0.834131
-0.813295
-0.780900
-0.749991
-0.716522
-0.686881
-0.649133
-0.611650
-0.578645
-0.555476
-0.531618
-0.498224
-0.463036
-0.430881
-0.403750
-0.369451
-0.332989
-0.297020
-0.262053
-0.222932
-0.181888
-0.145368
-0.113720
-0.078618
-0.037105
0.004522
0.042814
0.083778
0.115899
0.151179
0.186613
0.222707
0.259232
0.298361
0.323340
0.365205
0.401839
0.430872
0.465621
0.498647
0.523394
0.551084
0.570470
0.600422
0.624267
0.653879
0.675231
0.702136
0.724207
0.744916
0.768417
0.792393
0.821888
0.838443
0.853066
0.874133
0.900822
0.920518
0.936812
