0.280611
0.712750
0.874436
1.000000
0.410924
0.673918
-0.061421
0.205089
-0.481801
-0.229865
-0.793889
-0.663653
-1.000000
-0.196560
-0.612410
0.082578
-0.076851
0.495151
0.407092
0.847669
0.787763
1.000000
0.551327
0.779350
0.320345
0.562268
0.083024
0.325322
-0.172612
0.068459
-0.409221
-0.185298
-0.638652
-0.420670
-0.843431
-0.650634
-1.000000
-0.377306
-0.787037
-0.141445
-0.558083
0.113697
-0.312566
0.362237
-0.068750
0.586827
0.185322
0.797971
0.424144
0.980926
0.652262
1.000000
0.406494
0.787626
0.155405
0.552438
-0.102124
0.320538
-0.350316
0.052058
-0.582487
-0.202218
-0.789963
-0.440681
-0.968047
-0.655831
-1.000000
-0.416056
-0.799344
-0.147704
-0.562051
0.115369
-0.313803
0.362363
-0.060048
0.581062
0.186718
0.780052
0.428621
0.963248
0.655827
1.000000
0.417333
0.792035
0.153868
0.561631
-0.102385
0.317564
-0.347613
0.061271
-0.587186
-0.189536
-0.798979
-0.436145
-0.978581
-0.662674
-1.000000
-0.422676
-0.789686
-0.168072
-0.571900
0.069437
-0.327331
0.316654
-0.085270
0.547825
0.160798
0.752577
0.404670
0.939562
0.633460
1.000000
0.392375
0.804866
0.133570
0.575601
-0.123959
0.326037
-0.354675
0.051167
-0.588104
-0.198777
-0.796573
-0.443425
-0.977106
-0.669544
-1.000000
-0.424207
-0.788215
-0.140137
-0.556851
0.116553
-0.309342
0.356433
-0.052341
0.587595
0.200096
0.797273
0.444383
0.979020
